1.45.5320828,-123.0053566|39.057560, 153.320951|39.454120, 164.977703|43.252360, -161.350992|47.864397, -146.047217



2.37.706363,144.460581|36.980318,151.562911|36.034722,164.058499|39.545172,-161.704156|44.524892,-145.929496




3.35.063811,143.368933|35.172043,150.843713|33.574405,163.800076|34.278091,-161.704156|40.536526,-145.929496




4.   33.249677,141.559240|32.853980,150.244381|30.217358,161.866483|27.829580,-161.704156|36.485349,-145.929496



5.   31.195524,140.812053|31.057384,149.764916|26.348616,160.811795|25.196403,-160.997828|32.011320,-145.576332



6.   32.465119,144.361193|29.728830,146.755848|22.832953,159.844998|23.480347,-160.056057|29.071589,-145.458611




7.       39.057560,153.320951|39.454120,164.977703|43.252360,-161.350992|47.864397,-146.047217



8.   37.706363,144.460581|36.034722,164.058499|39.545172,-161.704156|44.524892,-145.929496




9.         35.172043,150.843713|33.574405,163.800076|34.278091,-161.704156|40.536526,-145.929496




10.   33.249677,141.559240|30.217358,161.866483|27.829580,-161.704156|36.485349,-145.929496



11.         31.057384,149.764916|22.832953,159.844998|25.196403,-160.997828|32.011320,-145.576332



12.   32.465119,144.361193|29.728830,146.755848|27.829580,-161.704156|23.480349,-160.056060|29.071589,-145.458611


13.   45.5320828,-123.0053566|39.057560,153.320951|36.034722,164.058499|43.252360,-161.350992|47.864397,-146.047217


14.   35.172043,150.843713|36.980318,151.562911|39.545172,-161.704156|44.524892,-145.929496




15.   35.063811,143.368933|35.172043,150.843713|33.574405,163.800076|23.480347,-160.056057|40.536526,-145.929496




16.   33.249677,141.559240|32.853980,150.244381|27.829580,-161.704156|36.485349,-145.929496



17.         31.057384,149.764916|30.217358,161.866483|25.196403,-160.997828|34.278091,-161.704156 



18.   32.465119,144.361193|33.249677,141.559240|26.348616,160.811795|29.071589,-145.458611


19.   45.5321828,-123.0063566|39.057560,153.320951|30.217358,161.866483|43.252360,-161.350992|47.864397,-146.047217



20.   37.706373,144.460591|36.980318,151.562911|36.034722,164.058499|44.524892,-145.929496




21. 35.063811,143.368933|35.172043,150.843713|33.574405,163.800076|34.278091,-161.704156|40.536526,-145.929496




22.        32.853980,150.244381|30.217358,161.866483|27.829580,-161.704156|47.864397,-146.047217





