412.3913107857596
973.5350585771197
368.11954062251726
129.6428374674363
144.2397066700988
596.8344553366871
891.7619625865801
1902.3469075209914
362.6939557658048
1291.4057320086235
730.701977265651
2206.0972340954618
1990.8770246506576
2382.037696936263
1158.830598409816
2702.056117835846
293.47914164712853
673.563441655139
191.74123921046905
2706.7495812413276
281.1180198171218
3918.700688417696
2983.2484282384166
2415.3966562606793
4128.857433996391
964.4319513270311
559.096001065123
861.8174274236952
1093.1589710493936
1076.2130519906402
510.3371958912024
857.9737143123813
370.4661673422466
387.22211862811224
263.312136755698
383.6131071012869
145.04635707917433
1632.5848627453677
480.48733858781713
306.06366914210673
184.97923479444614
235.86674945836418
179.63762474680948
1959.7588595079878
956.4288667193633
634.290067273484
1517.771255183176
375.0081442081289
3691.9753746280207
871.884518218588
57.1973799874637
149.57786387565747
524.0725886528242
791.6057066120337
534.1833785007938
164.93437969307354
167.12788179261992
974.479357405441
945.0377170976335
571.2071650212573
458.92250551875475
201.24401009664393
100.39941980904459
90.30977018182897
350.6285478082477
663.5912239992457
571.3421424300503
1145.7820615891621
2788.528474988401
1555.5232950100233
328.9497277091138
2414.0013712358373
305.8253299969553
278.6073977311246
1012.6417666947453
649.8840939099981
233.07005110785684
